447
242
426
877
843
100
10
453
462
496
283
569
908
176
995
360
150
789
173
845
796
423
628
687
498
606
713
130
549
875
319
440
454
575
944
382
473
758
503
12
349
975
619
174
240
739
80
147
318
726
322
516
202
673
744
136
822
159
162
297
290
851
896
442
935
273
913
835
158
822
374
269
274
785
97
241
597
293
821
423
355
122
624
893
584
417
150
613
150
855
368
776
820
427
952
42
887
944
376
752
353
614
106
108
302
562
916
642
751
487
130
918
156
308
428
230
389
260
602
674
978
481
256
169
79
24
517
750
738
633
326
230
307
145
796
847
711
647
879
376
536
390
403
952
267
438
827
308
757
618
222
793
790
171
416
253
903
295
588
788
239
651
481
569
575
483
803
911
3
671
186
924
45
462
199
953
425
302
626
534
544
764
217
266
231
932
570
952
607
226
577
333
940
842
589
388
797
941
275
736
603
289
398
777
711
709
858
564
329
160
945
562
650
677
765
554
201
31
822
161
649
33
178
509
637
815
449
658
411
655
57
531
81
908
903
482
21
431
93
362
22
963
587
818
916
449
751
444
104
93
617
230
234
60
731
686
306
103
137
270
52
749
780
456
945
725
479
192
222
199
974
609
478
777
43
126
429
161
392
700
14
104
334
635
570
525
542
496
306
167
988
818
810
811
310
968
611
399
382
572
947
779
830
515
354
896
411
519
908
228
234
602
806
401
703
178
804
985
875
643
164
970
829
624
573
46
302
318
236
976
595
781
493
331
328
951
403
116
566
610
365
77
988
808
757
468
150
169
710
934
847
567
115
347
158
234
535
365
712
790
598
535
6
159
421
64
314
166
90
407
261
566
938
952
110
528
412
558
184
50
287
409
272
640
202
909
769
218
402
259
895
661
407
18
360
640
988
661
70
642
756
514
217
421
475
690
96
98
101
646
16
681
371
602
14
506
571
558
576
948
468
138
615
520
859
795
776
41
831
773
19
982
577
509
892
995
958
41
158
109
359
529
279
347
58
226
599
395
160
46
951
553
887
288
496
928
792
271
288
240
363
754
2
463
490
175
939
73
901
490
390
703
836
333
885
724
136
47
408
823
385
1
751
587
257
960
103
382
815
303
134
523
422
811
743
73
927
728
978
843
848
176
550
948
724
183
193
507
358
63
657
35
552
460
782
577
175
482
947
448
586
209
400
45
102
233
400
681
285
57
101
88
451
179
195
635
52
96
672
119
527
13
831
587
749
234
281
797
626
331
174
332
259
705
415
222
264
462
11
917
45
446
196
355
458
19
142
795
358
377
66
517
244
301
896
419
676
916
947
806
981
43
242
44
179
926
286
51
814
641
810
149
387
754
95
173
211
193
600
833
664
340
96
281
524
904
474
547
967
105
57
787
750
165
76
699
942
86
483
260
282
64
453
569
69
622
799
991
311
26
384
101
390
54
625
588
674
121
746
637
107
694
913
494
58
219
841
12
248
222
433
703
545
640
792
245
173
461
304
35
763
655
186
140
476
333
994
685
989
429
21
772
540
47
502
331
313
322
300
647
312
720
814
176
858
514
582
143
841
5
881
805
429
870
761
457
479
512
776
165
481
769
725
738
718
684
269
74
537
906
530
522
379
129
153
689
284
745
975
769
449
903
51
187
90
857
748
835
93
226
984
468
894
835
475
142
531
269
471
141
874
239
358
687
852
337
13
517
261
51
313
624
979
862
706
744
727
623
605
850
400
179
791
313
941
3
458
156
224
275
229
593
848
356
497
562
959
222
255
538
652
895
208
265
686
737
742
871
653
651
892
28
951
511
57
420
72
257
547
959
538
258
779
465
41
667
755
668
644
312
54
758
614
807
288
414
233
454
436
861
392
364
853
316
365
804
503
497
514
73
617
48
556
399
575
157
466
503
801
584
731
910
156
610
760
48
202
232
353
539
411
994
425
314
842
328
79
872
783
207
481
586
487
68
186
590
106
906
477
62
613
698
5
795
735
549
526
317
996
477
942
25
841
664
502
355
613
689
297
14
482
331
78
419
938
540
726
173
997
65
440
879
477
554
649
102
31
99
654
125
999
102
297
56
840
816
896
13
408
145
93
156
889
425
530
717
900
187
766
30
793
540
402
619
65
785
854
415
67
893
615
887
927
627
114
830
362
623
522
493
753
596
85
904
771
82
723
937
734
169
510
107
291
687
732
566
208
743
492
380
106
825
414
353
851
408
237
542
459
400
761
308
992
992
547
644
987
880
827
306
837
664
541
167
395
476
597
63
764
414
460
537
333
520
835
355
366
752
884
829
493
102
104
602
448
403
514
218
812
262
93
131
64
242
685
218
831
590
993
965
99
899
471
948
660
185
243
467
702
481
182
37
620
220
157
836
68
18
445
894
436
973
900
122
607
618
630
671
323
260
531
667
889
878
490
658
634
782
978
397
823
255
110
932
859
193
691
952
464
900
922
497
182
144
579
378
975
804
836
130
678
838
231
100
599
580
683
369
874
238
173
198
260
377
97
190
250
64
356
272
495
133
298
475
556
900
443
675
240
209
831
761
674
232
829
443
526
603
246
721
376
259
816
809
480
204
188
503
542
406
217
931
550
874
411
644
941
381
194
237
224
959
823
885
838
594
282
297
468
953
254
708
78
330
836
722
210
606
312
992
438
721
251
111
897
405
625
426
898
91
742
671
299
170
839
694
553
851
375
562
307
679
627
225
488
134
97
449
450
390
94
43
724
41
366
681
235
545
674
780
506
498
943
91
378
807
818
976
927
306
148
672
37
275
949
414
968
615
361
710
254
32
545
7
439
578
379
163
427
790
309
293
330
992
541
672
93
88
560
768
760
18
899
719
772
686
352
65
888
887
323
340
474
834
250
842
195
8
750
937
230
885
984
410
915
420
225
692
644
632
657
301
353
275
792
523
566
449
158
650
140
275
972
300
122
4
480
491
882
419
64
416
440
516
984
625
39
392
415
199
381
898
823
430
268
928
569
487
523
334
195
225
493
363
257
152
603
37
389
473
430
793
537
71
691
554
764
469
671
923
463
563
288
472
247
372
194
380
811
929
148
417
193
797
568
197
752
495
37
591
878
541
43
848
885
490
45
258
368
297
263
876
111
46
118
516
453
229
672
769
261
875
931
787
449
715
592
72
721
715
802
966
375
711
261
791
54
416
477
127
461
517
560
673
39
456
183
242
41
523
72
753
951
240
828
544
270
631
35
909
26
806
821
199
680
89
456
663
979
638
483
673
142
134
293
794
691
950
588
751
473
329
4
109
279
512
594
628
556
724
708
629
274
441
583
808
703
572
604
35
813
29
782
56
639
796
589
443
427
962
116
694
875
187
315
871
88
550
518
550
377
780
583
923
546
146
44
474
42
715
612
495
598
164
71
917
407
506
382
421
902
423
133
323
607
302
81
923
373
30
153
890
399
524
564
669
562
632
718
785
599
648
412
385
45
276
626
12
890
674
162
686
787
683
637
250
754
688
923
119
37
267
918
507
773
560
700
55
550
488
165
281
32
235
752
447
86
908
566
616
757
647
490
112
525
426
577
124
323
933
646
265
540
440
523
879
145
698
954
811
562
309
948
513
138
375
919
456
592
244
162
538
665
135
122
694
370
404
3
830
556
378
493
927
276
506
555
185
580
633
623
833
295
449
342
240
98
438
866
464
344
565
886
522
975
292
135
932
205
959
418
624
523
317
384
54
551
84
570
538
80
606
507
728
219
337
934
767
836
408
249
664
424
85
750
364
704
235
670
873
223
815
743
574
827
505
185
109
463
299
987
242
943
281
616
496
556
849
1
959
705
837
599
302
560
742
883
123
834
227
329
830
755
550
790
82
246
96
527
967
815
962
254
681
422
865
513
351
73
893
119
216
178
596
606
901
24
601
392
593
844
950
991
880
181
241
210
875
75
240
919
419
515
13
284
454
453
676
213
334
692
777
423
166
171
99
504
913
504
519
636
797
443
454
198
398
744
825
559
514
471
388
597
40
413
725
850
785
345
777
515
79
351
150
182
511
351
718
906
85
672
452
746
44
703
545
6
496
92
431
721
926
141
86
968
61
430
90
272
489
871
992
145
217
465
880
579
802
645
337
114
381
453
120
100
158
582
140
323
342
163
608
279
863
292
746
999
679
772
117
824
762
9
306
324
852
919
981
109
993
760
912
296
666
224
659
189
792
291
600
103
562
98
656
55
67
871
138
564
346
982
661
382
396
714
521
638
713
630
536
142
832
775
514
681
928
268
558
689
155
223
808
140
361
371
837
449
883
686
295
619
997
822
762
270
527
765
564
965
505
710
770
651
715
894
511
338
218
998
604
586
60
598
264
273
75
849
862
35
451
824
425
656
952
990
359
362
63
866
414
122
502
680
306
703
958
462
817
978
428
223
606
843
387
759
957
559
633
795
743
197
29
26
239
910
132
110
647
546
65
202
171
696
414
408
769
858
960
503
990
91
369
994
971
49
520
668
104
312
825
183
434
258
46
955
598
866
342
274
532
45
214
804
495
909
529
625
874
30
822
697
73
735
375
408
301
970
606
649
872
502
981
155
75
542
990
123
715
650
429
466
160
142
5
397
495
700
664
545
907
143
117
392
310
252
532
221
397
620
293
34
631
644
163
327
715
607
637
752
974
740
469
800
662
586
596
689
635
851
318
942
39
974
238
680
79
680
529
534
7
81
812
353
254
217
523
265
481
878
350
244
447
195
839
858
731
300
973
287
90
520
669
444
92
810
66
458
208
57
278
305
856
847
502
983
681
162
505
460
815
76
981
826
123
557
801
592
581
94
11
424
322
88
512
449
592
497
390
460
192
370
371
490
342
889
795
962
807
457
668
175
961
770
401
106
639
470
72
716
743
161
281
299
212
338
589
281
18
722
805
861
157
820
23
816
827
219
792
775
918
882
37
435
104
154
414
118
446
781
714
33
761
701
346
890
826
725
597
477
130
246
30
406
557
967
184
648
379
210
434
312
319
900
612
89
146
139
90
111
510
711
615
383
870
299
724
937
631
633
302
507
604
803
751
872
587
189
644
232
161
987
208
410
35
177
687
384
256
901
383
924
685
257
595
906
649
686
332
320
400
292
239
474
358
466
670
874
991
535
832
294
228
172
368
977
286
604
620
195
757
618
284
507
55
706
599
7
61
434
656
719
744
904
850
727
149
884
685
814
79
503
816
104
718
716
519
140
147
240
476
224
621
534
648
101
208
854
230
719
590
73
513
49
361
467
723
54
391
172
441
834
917
439
537
354
265
510
384
23
977
115
354
908
606
300
119
909
137
231
697
986
1
378
337
416
201
275
849
741
890
636
920
498
905
776
54
428
827
814
346
813
432
614
320
18
26
969
738
393
309
188
782
921
838
487
318
44
947
1
247
332
48
167
9
522
183
275
865
140
531
496
362
612
64
221
778
280
34
781
634
410
778
718
86
125
569
87
275
334
905
190
388
961
324
903
206
384
120
428
822
148
420
237
912
389
810
571
42
905
447
453
621
357
647
779
867
394
895
793
705
209
704
26
191
309
995
744
535
278
947
92
715
433
526
398
575
359
662
50
874
59
69
789
109
515
812
268
770
76
498
204
808
888
154
143
29
488
532
370
222
674
107
985
3
369
225
150
566
447
127
555
519
769
858
261
629
470
458
822
392
534
401
233
771
444
827
221
475
212
258
983
759
293
39
9
734
304
1
443
278
363
370
148
654
563
537
608
934
937
777
718
57
135
302
991
551
944
289
291
876
311
589
561
947
406
361
892
298
171
941
304
988
80
542
16
535
40
216
383
633
112
222
218
344
762
844
797
117
312
170
399
283
514
387
730
261
336
165
576
378
34
311
568
545
788
523
727
757
335
440
470
491
14
91
582
912
255
32
829
433
991
209
887
206
562
126
635
165
555
999
111
667
995
252
609
681
504
679
551
234
9
942
79
871
700
608
149
894
970
548
119
574
325
628
899
947
718
374
332
164
647
465
934
160
165
938
966
61
327
778
856
666
670
448
495
498
522
663
919
549
569
699
117
896
370
83
65
678
486
541
859
685
250
396
872
895
858
235
93
251
287
971
637
822
868
386
866
971
50
748
56
758
682
689
238
28
104
56
903
927
217
435
900
663
38
451
341
659
317
117
278
13
750
586
970
599
608
904
924
784
485
290
209
135
363
553
695
197
955
696
43
571
168
381
104
299
478
415
604
986
368
354
576
876
344
191
986
737
548
477
681
149
110
278
760
654
631
536
442
666
706
996
2
344
420
772
400
734
377
360
557
15
136
957
433
162
27
451
220
728
34
746
285
906
429
25
198
9
750
525
319
299
77
878
853
361
335
991
329
936
791
15
853
893
744
146
364
396
756
413
309
782
827
530
41
837
821
834
780
736
883
207
997
52
79
770
427
926
613
833
407
619
89
624
321
107
660
590
960
726
16
536
486
623
811
678
30
452
851
46
185
401
780
175
108
482
318
679
310
101
220
316
70
260
27
343
309
394
523
793
928
725
364
525
597
520
336
171
523
303
236
445
428
203
49
681
771
241
989
576
311
342
961
311
469
332
922
528
286
901
183
777
880
27
244
128
796
779
4
378
270
294
666
474
458
469
64
348
135
289
712
625
99
297
284
916
662
346
405
541
906
515
179
846
966
894
647
390
670
139
98
208
7
723
691
477
784
729
372
349
835
191
741
692
483
249
171
237
729
703
373
353
235
399
583
93
85
267
129
395
771
624
648
463
856
165
601
258
54
979
614
896
610
417
46
220
808
403
947
865
956
650
15
348
438
655
344
421
732
512
706
80
412
408
297
863
852
201
460
283
594
75
814
142
966
413
557
620
133
777
471
178
393
508
117
37
519
542
586
625
421
408
920
597
136
943
996
714
661
289
581
549
168
158
130
661
663
375
851
786
908
228
298
854
260
49
405
527
534
675
306
301
356
472
702
577
373
938
645
834
539
402
92
171
884
694
585
206
149
814
760
587
502
669
955
582
13
899
163
944
887
795
660
719
745
659
324
39
443
616
463
76
760
611
913
581
456
875
691
715
314
935
129
674
292
522
359
666
661
315
642
426
949
556
100
465
5
585
876
170
899
91
38
735
307
18
593
266
912
638
550
592
693
333
697
757
754
604
158
114
727
984
964
398
20
285
210
825
332
772
437
174
931
687
137
199
466
18
319
616
83
96
102
843
86
805
56
447
198
648
959
300
395
319
596
95
985
520
90
367
718
133
365
192
140
254
648
504
230
342
354
813
207
624
345
465
844
151
433
234
752
665
51
45
685
751
621
308
327
753
990
275
539
39
305
573
379
203
792
201
808
490
692
548
184
235
837
852
415
561
953
961
202
271
299
665
543
673
899
181
502
804
258
442
101
72
441
423
147
950
231
778
770
492
354
91
927
991
159
906
277
536
32
501
990
473
783
499
734
483
618
347
797
164
657
862
40
812
913
891
946
731
937
278
220
330
11
572
555
256
353
509
827
536
888
301
38
291
580
901
361
50
744
707
658
449
504
540
331
715
803
658
968
310
168
872
288
309
466
406
586
247
539
964
671
322
480
295
207
87
282
28
116
931
314
768
990
800
568
297
607
608
48
938
163
295
102
394
528
61
376
45
7
922
462
186
34
122
735
4
94
333
426
131
595
863
46
268
4
966
330
614
858
559
853
900
434
905
859
841
419
5
395
694
424
458
64
132
678
434
324
980
573
398
299
303
83
204
514
745
711
70
212
392
660
850
961
781
718
830
138
888
676
153
495
104
333
423
844
619
390
234
556
353
655
762
89
633
184
908
928
888
124
659
994
202
874
707
654
473
416
703
98
199
962
739
101
88
562
468
183
859
832
642
45
232
109
204
360
158
708
743
340
476
719
789
340
923
16
181
517
358
59
462
795
75
977
551
27
696
834
961
135
390
614
291
719
89
259
633
288
996
43
170
730
977
66
573
371
463
291
735
743
706
432
396
392
769
865
218
872
546
278
584
994
401
231
859
991
618
653
862
463
502
895
164
693
108
590
421
915
474
936
814
591
121
630
696
212
805
551
559
865
551
616
221
843
13
337
632
557
266
384
550
662
374
548
996
942
317
687
781
108
881
450
878
964
630
977
133
511
108
382
978
655
964
730
287
927
951
387
603
226
116
217
603
662
267
66
950
579
723
995
888
407
241
288
740
772
972
345
833
86
947
418
854
737
655
2
470
932
116
62
702
188
594
66
496
261
748
82
437
214
576
348
642
531
838
617
376
906
866
658
955
162
84
186
960
65
115
250
731
767
458
672
86
310
89
964
358
974
705
437
1
977
80
693
219
22
591
320
910
325
882
3
884
452
427
469
506
50
645
696
267
409
71
369
788
582
542
192
226
325
878
821
97
935
321
211
701
399
121
146
144
268
790
715
488
821
283
189
880
78
412
938
802
791
452
171
435
640
256
696
338
720
743
282
976
437
448
377
529
364
183
133
671
462
158
895
890
963
100
695
548
733
863
706
448
985
495
680
522
443
768
409
981
944
344
619
344
831
884
708
406
361
428
52
419
291
858
563
543
345
460
906
463
457
476
18
960
265
402
228
730
681
847
368
796
526
105
160
41
482
343
978
149
664
606
391
989
14
654
690
285
141
292
864
640
210
506
779
935
985
284
530
980
470
200
166
481
341
8
771
657
948
456
585
385
152
758
239
112
896
177
907
654
401
901
997
154
701
972
816
855
760
910
113
918
644
387
128
845
337
114
27
400
239
471
409
237
919
671
400
639
63
554
104
75
161
421
153
858
669
329
424
245
65
598
550
848
886
379
316
80
759
420
925
918
779
4
558
512
498
158
49
936
344
531
837
480
417
426
36
599
345
151
504
596
39
88
246
735
838
881
197
609
405
531
480
123
799
566
489
90
756
544
274
847
823
974
719
538
719
68
811
323
671
697
777
928
940
325
167
876
807
428
369
11
980
593
749
346
765
745
771
99
508
238
832
164
693
265
974
643
494
806
718
177
243
223
519
152
153
894
202
198
289
420
202
637
604
93
98
384
255
164
616
852
205
873
660
846
223
478
111
927
535
322
734
94
877
945
139
258
915
305
658
351
764
826
21
925
497
886
229
533
338
698
533
379
948
901
601
139
252
834
934
716
755
583
27
212
342
786
942
213
740
294
863
984
589
662
48
541
10
894
110
969
255
263
625
818
788
996
200
932
912
371
717
890
791
970
983
630
860
175
577
764
611
809
578
694
222
592
66
110
692
779
373
883
846
37
947
124
121
139
73
624
6
14
336
683
84
404
595
517
600
465
188
212
537
316
497
196
983
237
56
131
322
807
231
158
887
892
514
656
156
489
512
680
846
422
88
55
858
973
976
125
246
490
636
417
686
766
104
731
197
468
931
524
664
249
440
144
385
804
525
851
414
129
563
918
337
689
335
683
654
580
211
697
918
458
75
870
108
806
404
861
753
359
171
509
829
578
375
883
3
787
124
420
343
53
872
44
306
71
448
463
139
694
402
296
313
814
159
494
571
442
904
221
675
951
249
468
897
33
151
414
403
701
980
547
504
292
223
940
393
154
634
808
838
665
26
703
270
568
303
297
831
750
272
608
380
694
551
717
754
79
140
658
237
220
724
370
492
853
515
784
84
122
316
613
659
804
673
726
171
245
591
531
276
824
579
171
699
149
232
926
900
648
401
154
366
666
259
110
246
917
43
515
661
808
34
330
837
751
180
338
405
239
784
633
72
300
585
154
437
621
794
113
447
700
690
506
911
693
326
76
402
540
636
306
25
604
285
70
670
58
578
989
732
388
926
998
748
554
862
119
818
327
616
751
536
207
830
273
150
357
729
483
766
94
954
261
601
348
712
856
471
381
779
547
697
373
898
596
374
884
942
343
899
784
363
215
230
411
355
596
529
722
871
672
778
149
333
480
361
758
89
628
721
508
663
229
321
890
591
341
121
304
237
424
519
912
354
448
492
702
887
541
786
681
34
677
417
526
111
759
370
799
122
890
247
952
918
432
337
952
586
129
221
950
444
150
759
659
556
914
280
197
978
97
196
182
240
5
345
707
207
699
76
231
452
91
825
318
130
831
685
417
29
793
778
586
256
680
257
43
491
169
23
336
422
69
395
941
814
547
944
311
674
489
657
197
22
485
547
133
38
419
363
819
132
470
712
715
171
598
920
387
219
752
570
916
954
831
277
679
266
391
184
524
432
568
93
596
616
334
412
92
800
148
879
223
349
924
835
987
258
465
677
744
373
458
171
47
780
563
67
390
301
897
551
33
627
889
328
108
567
915
192
871
519
268
547
639
373
208
232
639
94
710
989
486
901
534
649
414
348
52
619
834
273
891
176
908
536
30
381
744
35
543
131
733
225
10
357
304
808
835
867
516
173
414
887
259
457
525
951
911
237
673
893
636
538
491
754
610
831
730
838
929
50
150
806
806
512
926
287
882
737
32
120
234
114
610
42
180
585
514
281
985
633
727
906
867
369
255
726
737
183
6
736
328
832
905
704
910
17
292
815
816
419
181
782
413
326
496
799
876
17
734
433
448
925
422
495
979
323
241
578
448
546
242
80
510
581
34
78
385
397
964
421
613
460
783
542
423
99
414
81
146
462
858
48
88
543
211
262
402
924
801
272
928
372
707
935
938
683
340
120
658
191
631
383
38
280
786
522
863
474
625
96
619
673
674
693
567
5
835
212
763
173
528
301
380
739
241
706
575
467
9
57
743
854
987
840
48
918
178
137
716
487
655
567
837
165
840
926
170
665
988
568
209
273
851
258
709
917
937
764
131
776
321
918
709
358
579
617
658
166
11
884
303
237
591
523
456
648
550
798
302
68
712
482
127
260
428
904
447
529
450
863
300
184
790
874
851
99
395
396
933
404
7
259
102
251
112
619
378
794
198
502
717
311
713
630
79
843
122
791
354
895
24
34
628
963
538
936
991
319
27
945
535
361
688
338
45
122
665
768
280
805
742
667
281
951
871
133
222
234
458
610
105
279
917
945
938
710
58
638
391
219
468
379
467
627
6
259
277
839
620
911
897
68
193
856
447
819
392
421
420
547
286
118
648
183
35
714
398
351
471
974
784
992
10
525
956
245
286
508
68
904
995
296
796
473
239
976
56
230
91
420
922
713
30
609
285
18
744
775
662
357
341
662
372
607
247
396
779
651
721
842
525
102
269
858
788
206
505
643
623
761
161
12
270
840
998
339
13
379
527
765
325
306
595
457
561
694
266
586
694
615
802
288
241
830
377
399
31
794
30
840
466
211
46
930
640
267
86
815
615
688
737
203
969
734
702
416
213
913
294
462
677
610
471
764
925
306
703
975
121
514
507
880
866
807
658
570
226
319
227
870
434
241
74
308
610
913
721
350
235
684
325
978
487
466
895
462
195
897
94
272
741
538
458
667
202
923
966
327
783
324
4
665
598
83
52
349
713
667
446
792
157
898
239
456
541
713
744
447
157
920
165
106
490
586
865
749
785
865
294
617
226
82
120
468
837
778
100
940
1
24
288
510
319
603
364
931
240
809
981
19
43
162
806
624
775
5
94
558
939
234
242
660
958
29
392
371
7
476
191
753
786
203
204
940
430
464
613
218
327
129
505
330
264
450
308
683
571
914
615
153
451
88
319
255
957
813
672
856
790
912
580
323
176
542
866
891
174
407
744
426
386
379
176
781
281
571
994
867
792
695
332
249
94
521
135
204
869
755
377
210
282
951
369
165
190
233
287
264
382
978
84
362
151
558
583
492
119
892
923
754
116
577
154
290
906
887
439
355
332
623
909
710
585
713
902
312
172
585
339
150
905
731
689
456
182
968
329
784
662
86
308
501
342
412
345
311
139
416
674
557
614
940
948
492
576
177
94
285
187
130
243
232
848
87
299
852
114
281
429
996
914
233
804
888
240
674
6
606
914
170
312
373
310
539
510
399
27
335
717
232
890
280
947
523
786
926
594
795
674
171
836
865
904
137
773
792
772
796
631
661
515
608
482
862
81
108
275
26
506
133
107
132
633
957
585
727
769
974
504
751
191
696
245
937
999
368
748
249
110
306
959
167
736
797
77
557
226
426
117
780
95
140
877
551
82
818
301
95
507
598
707
366
884
150
152
311
913
107
147
899
915
604
722
678
328
971
14
593
29
744
316
733
239
624
163
116
700
439
347
265
472
956
293
757
600
291
585
944
205
744
939
321
657
386
484
852
146
669
162
673
745
555
210
19
42
831
930
998
248
442
274
522
1
264
182
328
401
394
249
748
46
373
754
620
547
809
708
864
955
342
158
785
403
588
744
635
474
999
440
452
498
910
159
261
863
35
677
431
313
30
395
801
24
366
499
28
641
65
189
601
231
660
856
33
895
887
796
93
644
126
667
269
460
517
696
356
996
12
670
912
189
881
177
325
80
344
405
675
244
497
274
9
861
10
566
96
227
447
761
746
786
131
451
940
285
720
659
368
68
824
677
896
226
499
731
27
176
2
157
261
55
460
276
486
570
465
979
324
200
537
739
972
662
610
69
235
844
366
295
195
53
702
988
123
632
795
56
466
837
722
688
641
914
260
146
546
851
698
19
655
649
314
516
247
42
458
544
30
468
166
436
927
98
820
470
860
18
254
102
25
555
192
780
281
655
78
301
855
783
47
243
285
638
171
317
972
607
623
101
820
557
12
762
804
402
896
235
427
542
838
321
954
814
731
816
171
347
458
323
314
54
105
443
658
254
435
548
771
563
95
378
406
537
345
262
68
401
754
218
243
70
606
139
589
576
699
801
49
289
278
845
493
362
638
137
693
58
245
36
652
261
101
213
992
415
333
134
827
981
401
295
462
889
390
960
899
39
940
334
313
209
845
299
990
623
526
540
449
484
967
218
133
161
71
482
574
795
365
674
63
733
34
764
204
524
909
911
949
781
591
199
239
686
935
87
18
16
92
774
241
858
561
867
191
838
917
82
7
218
762
912
465
132
622
269
985
191
941
844
326
347
243
279
963
88
306
243
261
683
61
645
220
782
550
329
125
211
261
193
896
943
596
388
810
984
64
376
486
412
999
177
64
63
290
411
302
152
302
508
808
127
168
76
59
901
119
155
512
926
23
669
68
337
710
668
128
972
5
747
219
57
585
320
29
982
633
852
123
482
863
764
220
279
147
943
949
265
142
798
525
12
769
892
841
826
204
267
228
678
844
476
231
948
834
614
997
447
337
544
800
314
381
6
39
968
660
446
262
65
953
329
726
756
630
73
555
290
42
916
959
325
903
479
80
902
371
260
399
945
791
451
236
45
293
180
75
504
966
318
658
558
518
820
116
132
751
651
604
752
36
297
740
423
712
140
651
514
594
813
960
768
439
474
297
549
983
874
929
55
138
937
481
791
794
450
718
800
913
926
237
387
883
782
251
33
197
812
544
942
785
145
703
901
178
81
93
698
944
370
496
275
749
716
624
671
831
221
905
448
752
634
476
494
455
426
498
863
453
142
934
236
541
991
65
278
75
866
289
216
189
120
637
365
976
595
348
411
560
207
441
121
996
236
72
217
100
154
5
418
949
539
762
526
78
764
896
390
252
673
228
390
904
197
358
317
305
849
937
104
715
963
990
433
201
243
584
231
209
515
497
558
468
241
211
456
773
215
763
276
398
586
346
606
137
130
582
628
214
108
284
809
730
570
854
198
648
155
645
779
915
743
855
656
697
254
263
835
847
319
611
330
488
922
130
663
616
144
76
693
376
865
254
319
221
566
348
734
853
207
764
634
710
225
962
96
757
382
344
488
743
416
552
678
877
792
147
812
205
357
289
129
164
582
232
428
317
742
435
458
845
520
424
696
754
205
336
51
64
565
10
284
874
543
824
509
680
847
73
861
848
699
832
459
933
294
157
979
780
270
251
878
678
385
776
983
57
264
641
351
529
390
353
896
787
489
318
258
588
823
615
278
531
38
430
622
641
321
594
162
227
130
378
855
362
383
280
740
764
79
877
102
782
223
634
465
417
289
818
591
130
200
100
64
75
577
726
926
258
320
662
183
994
428
872
638
883
54
342
839
872
788
72
414
326
387
40
98
667
92
77
547
320
122
981
486
278
504
397
97
473
480
730
777
632
61
121
433
825
643
515
762
520
680
185
688
427
783
982
318
380
34
486
716
204
14
329
478
42
972
536
583
497
970
414
784
904
655
176
938
35
604
766
381
447
303
467
57
736
262
377
112
104
967
680
407
15
441
960
99
510
343
302
330
226
692
89
878
330
240
799
730
502
661
955
65
543
63
313
787
868
694
454
13
239
375
966
67
22
515
88
637
859
671
380
593
179
183
742
173
388
280
699
306
393
806
977
928
194
930
210
51
257
835
571
819
924
383
352
275
25
834
637
208
155
500
637
681
918
842
871
450
410
787
739
130
995
136
839
577
769
222
478
731
908
315
47
350
773
727
236
994
576
971
838
452
362
713
769
475
148
505
55
370
428
720
963
912
691
203
329
777
825
843
370
507
371
803
910
868
683
223
941
564
22
467
237
15
578
283
149
757
554
683
1
913
699
223
606
843
906
889
492
510
307
530
610
38
347
151
700
213
385
151
454
184
516
419
175
545
570
770
805
779
984
917
123
560
657
833
627
488
670
693
844
602
349
979
120
860
937
339
388
764
696
807
608
491
181
73
429
450
19
445
259
489
798
856
797
183
44
631
821
393
867
790
282
309
503
109
129
652
643
726
366
987
826
842
434
309
833
602
489
508
858
110
66
9
396
471
905
33
579
687
137
228
617
396
178
599
833
315
672
175
229
884
83
706
268
807
610
114
533
584
541
119
966
685
968
544
549
642
43
786
690
242
667
863
469
972
184
140
747
296
160
238
237
800
124
411
162
770
117
514
85
81
48
678
467
586
465
650
447
157
711
587
423
469
692
659
304
354
791
29
633
446
524
736
933
341
292
157
950
652
427
502
755
147
945
872
362
724
712
429
829
75
631
8
917
458
741
742
5
190
312
147
57
327
266
964
695
981
973
725
539
234
613
166
735
488
900
619
633
214
199
374
681
626
293
191
109
462
702
312
532
893
317
530
532
714
864
156
712
383
811
485
92
178
683
581
340
861
389
976
40
601
567
632
236
737
465
600
669
539
293
490
5
25
259
534
325
623
55
96
582
542
484
17
443
626
332
200
162
265
65
998
322
92
203
928
549
678
77
961
630
487
298
39
34
740
770
362
697
198
224
529
496
318
981
190
572
747
861
882
900
570
243
225
86
218
623
945
160
184
224
291
387
177
294
868
951
233
841
628
886
32
514
410
596
107
454
708
503
390
219
535
760
169
374
666
441
776
734
853
333
678
466
8
628
379
315
489
845
426
114
885
253
669
351
826
131
971
10
317
283
764
131
437
147
887
800
524
174
840
852
553
652
768
842
891
550
208
658
274
384
384
650
479
667
552
466
88
185
875
333
555
783
440
856
961
17
115
851
800
170
333
821
35
824
693
629
309
507
769
215
201
909
661
623
832
283
516
776
608
312
651
122
231
107
283
318
304
380
5
140
916
710
969
208
172
468
597
943
575
265
952
747
9
437
729
790
737
752
354
501
301
607
929
847
52
880
699
442
543
289
654
979
568
73
411
606
921
533
556
476
826
417
53
722
12
935
158
926
407
910
938
941
496
813
193
233
525
666
854
280
298
197
236
755
935
163
521
147
782
662
654
575
373
366
752
386
703
621
677
606
517
806
961
544
243
467
383
339
992
58
493
969
507
990
718
232
888
243
674
861
452
804
563
484
239
888
71
19
909
179
551
178
705
614
425
318
69
134
466
939
705
722
72
380
647
724
689
289
766
470
582
559
587
631
680
143
856
684
79
799
764
76
336
380
784
572
437
433
224
853
290
967
784
485
483
159
437
395
798
395
850
326
510
389
979
129
902
183
625
720
183
53
465
615
885
813
227
390
968
504
591
641
44
495
292
851
956
519
715
608
523
815
306
661
272
604
730
547
468
67
572
371
776
78
390
255
615
581
729
545
160
441
874
883
370
423
644
425
612
246
196
381
464
617
303
601
729
54
721
6
778
903
170
758
57
419
591
456
19
908
278
787
997
383
8
240
267
881
413
446
22
917
294
627
726
818
482
387
806
126
798
130
118
841
536
326
567
649
702
684
581
778
840
21
671
981
918
923
697
14
381
673
929
343
277
14
515
307
419
651
287
703
202
510
135
74
465
210
125
468
960
563
134
802
497
262
656
311
191
398
848
529
607
555
62
944
51
762
194
512
484
9
164
382
671
304
4
326
870
426
882
384
631
829
90
260
76
856
454
446
412
531
14
379
154
22
164
825
441
260
399
599
429
253
17
901
547
698
180
27
153
353
568
170
302
331
310
952
348
195
299
703
965
117
889
341
91
754
971
253
27
903
297
861
270
968
388
94
859
169
284
673
666
826
610
313
452
370
992
723
125
96
803
135
662
455
366
562
79
117
136
857
533
166
39
226
375
561
706
115
442
538
686
612
101
779
650
592
922
938
324
390
588
36
49
708
152
777
345
64
518
248
418
619
87
159
56
132
377
898
936
519
944
827
498
711
858
122
138
911
693
940
960
47
146
91
223
811
753
493
68
64
960
773
395
292
759
374
332
146
171
30
763
911
506
715
201
306
359
226
154
772
173
432
733
191
2
763
340
709
278
100
407
874
265
481
211
844
153
849
621
850
39
523
634
187
189
126
802
520
448
272
468
370
459
31
770
608
369
809
628
498
516
229
227
576
500
596
227
106
466
359
709
658
553
159
684
861
554
767
327
310
675
902
515
829
150
75
358
888
848
767
149
664
25
622
480
150
260
492
247
761
479
820
744
643
278
545
903
391
552
452
839
360
369
93
751
267
609
261
641
29
505
10
994
420
25
867
742
638
730
332
351
81
75
411
930
293
705
494
537
611
444
479
791
938
763
732
753
979
985
456
219
252
104
460
278
80
483
327
220
424
647
282
38
105
137
496
837
631
363
545
982
930
936
299
405
179
446
136
573
45
663
812
685
342
243
797
67
240
291
246
901
808
513
622
828
344
211
973
311
584
800
734
773
26
537
560
637
303
841
651
158
583
339
112
952
189
105
407
720
584
370
500
957
558
116
782
341
425
407
997
631
215
370
213
883
636
573
642
612
763
923
243
802
215
914
539
267
917
120
60
754
257
227
971
753
310
715
874
173
335
939
657
169
162
435
130
750
909
314
638
815
97
882
285
606
182
410
314
651
191
434
504
377
208
43
651
347
5
935
614
29
4
553
929
181
496
554
295
396
942
882
438
861
60
258
652
34
345
412
794
580
839
869
579
20
606
552
885
462
51
371
677
962
347
262
179
394
437
828
554
234
596
428
651
955
125
555
937
57
637
507
460
936
479
356
505
576
80
521
2
43
724
215
894
362
999
101
599
712
616
457
555
104
961
239
625
8
906
985
19
565
746
631
906
670
917
796
9
564
337
407
602
570
465
564
26
988
437
136
630
676
234
790
318
936
847
748
75
736
139
57
608
52
973
382
726
44
629
206
633
581
308
706
624
195
952
402
458
395
439
569
812
672
627
927
117
382
623
626
565
559
840
404
582
559
137
442
253
636
158
421
51
211
786
284
824
528
993
514
954
343
924
129
743
70
942
832
365
388
455
7
860
952
480
816
607
353
655
141
251
839
998
979
447
859
814
829
170
183
116
42
922
502
700
464
940
289
1
875
391
578
901
676
606
769
449
407
549
307
629
977
876
879
896
259
914
799
592
254
175
789
983
128
721
553
148
165
744
861
589
901
720
904
966
840
272
989
671
786
190
209
412
972
984
104
495
586
248
989
329
785
622
606
531
138
749
931
2
21
239
94
196
454
598
788
649
318
848
791
996
969
801
266
923
958
485
880
386
969
537
257
965
883
919
614
191
246
833
210
119
382
605
56
93
372
744
735
359
704
713
245
642
545
540
471
115
68
721
697
633
266
702
29
701
247
278
353
283
435
405
180
309
29
832
426
173
13
906
762
688
789
528
560
778
616
805
930
42
893
843
548
270
353
358
982
47
219
33
901
855
45
307
988
364
517
89
208
149
364
368
224
529
463
115
869
967
488
613
777
230
241
31
783
712
244
123
886
54
119
215
690
711
358
767
296
987
224
770
97
896
346
935
556
572
824
53
594
884
26
733
640
111
526
449
286
461
437
102
113
352
998
304
191
42
208
227
600
468
721
573
979
954
208
698
404
414
25
982
190
308
350
427
684
750
492
551
390
26
332
374
201
646
26
705
294
589
992
366
481
30
148
738
195
310
153
881
464
262
133
229
506
752
346
137
508
252
84
131
751
197
913
972
959
585
270
385
891
261
346
649
512
642
951
190
434
15
563
129
141
52
324
805
430
219
343
228
386
65
113
698
483
778
179
569
838
501
929
398
536
259
243
242
503
736
155
999
275
549
326
103
788
506
628
609
907
698
487
759
127
419
828
544
533
121
280
454
42
980
6
447
227
43
57
397
780
997
288
868
920
308
75
367
395
264
744
482
19
51
733
319
131
722
991
850
945
542
98
900
870
508
366
898
770
253
849
52
201
190
933
512
812
625
266
364
930
453
312
836
905
564
351
402
388
661
630
216
805
572
637
96
338
534
73
312
94
263
196
792
501
986
676
360
777
246
340
630
154
181
119
520
719
569
969
743
326
463
262
761
145
301
352
145
211
10
307
935
993
45
589
793
904
560
97
199
168
783
343
601
338
450
191
148
106
236
660
912
374
107
803
592
161
452
948
164
250
270
843
775
174
588
212
109
897
324
732
401
976
812
460
230
351
15
505
327
391
347
645
444
399
311
400
669
208
21
670
551
212
353
450
404
545
293
460
477
19
509
932
806
829
324
560
961
374
480
558
308
740
792
433
835
650
350
154
724
145
239
538
227
982
118
318
754
73
187
526
455
765
399
670
952
67
780
71
692
587
465
34
145
435
113
547
735
907
667
368
659
831
809
714
109
275
868
560
87
424
329
357
147
746
25
707
585
338
369
625
561
408
658
410
657
915
705
299
895
229
922
736
122
156
645
517
993
298
693
415
381
90
252
395
728
7
745
223
673
530
494
679
860
951
616
164
592
151
427
560
78
98
647
723
400
426
247
856
877
982
653
430
263
626
704
876
729
469
589
286
314
501
351
386
431
20
718
388
227
622
479
406
646
811
226
155
600
349
994
6
122
438
222
293
970
409
460
653
290
388
303
812
182
760
84
736
553
467
673
265
210
71
705
400
646
763
170
104
378
167
806
692
1
973
114
488
695
748
357
64
671
630
336
434
73
789
853
691
351
573
476
648
670
635
574
570
731
876
145
532
706
291
71
71
543
686
469
781
475
22
257
251
673
373
311
358
32
151
273
431
902
216
486
950
472
968
643
130
557
803
454
411
54
523
322
843
259
230
288
367
310
617
68
985
509
174
161
360
149
848
315
379
254
1
895
352
542
392
320
370
394
346
81
183
602
765
74
882
810
425
831
83
689
229
466
601
809
198
689
225
628
850
525
981
326
102
734
794
965
447
102
856
613
468
945
991
170
840
405
22
19
312
444
39
292
648
914
760
776
911
836
635
945
87
99
788
590
576
340
68
401
723
928
109
679
541
739
935
600
961
73
13
5
432
207
952
156
277
695
263
705
222
659
684
87
104
973
32
247
443
848
487
760
540
680
562
925
257
697
684
463
962
948
41
838
538
166
849
290
97
181
242
334
363
704
206
209
922
730
208
333
101
665
322
942
407
232
362
292
427
61
268
176
655
780
253
914
5
506
267
319
98
184
415
349
568
337
430
72
17
413
627
419
505
341
682
576
862
937
555
695
759
266
85
94
692
945
869
121
303
21
543
276
30
562
12
766
629
297
118
907
221
555
206
547
836
810
267
898
656
399
263
846
214
369
754
751
724
582
320
435
155
363
554
455
186
606
909
296
27
66
676
798
516
683
44
46
810
119
206
989
885
669
585
332
39
120
44
494
233
222
302
590
743
593
966
332
369
880
418
593
289
854
32
302
122
645
753
897
658
102
480
55
879
700
559
394
696
793
34
553
33
576
82
452
377
269
123
65
849
80
27
250
6
39
91
972
400
453
40
559
576
247
374
886
325
120
672
983
727
970
310
812
997
131
757
941
80
988
411
321
839
15
205
387
343
242
612
8
324
962
733
18
494
691
15
988
280
668
548
525
310
463
81
14
454
325
929
826
80
956
534
55
771
866
683
796
640
68
37
41
251
301
278
729
329
669
499
393
472
824
806
259
94
660
808
822
726
683
644
79
314
97
424
402
125
608
856
447
276
713
935
729
311
510
379
568
130
862
441
381
972
191
814
713
470
511
806
658
141
765
534
846
653
60
86
688
167
678
274
993
908
520
902
492
371
759
272
40
372
136
32
721
849
281
527
796
1
529
296
809
105
852
959
781
398
279
155
470
832
489
586
934
324
487
347
319
293
739
807
305
807
923
147
93
349
316
301
230
245
156
120
906
80
957
872
581
587
817
644
952
812
523
331
769
712
853
757
543
123
527
828
812
151
465
16
205
705
495
204
395
223
776
600
290
487
830
105
718
597
410
657
152
626
952
461
179
236
488
476
866
890
343
44
737
430
486
776
630
677
666
286
748
51
67
749
937
770
250
327
931
733
771
139
343
53
10
96
594
22
995
137
728
35
597
613
129
239
209
889
68
918
867
96
1
517
866
393
22
860
827
323
340
770
532
729
736
396
473
765
925
719
898
789
95
442
383
725
736
626
563
286
255
20
530
203
770
396
552
659
870
670
75
569
545
372
4
846
210
2
740
338
602
157
705
149
520
957
736
759
196
775
333
866
397
143
435
950
61
754
923
545
480
469
96
516
727
784
916
332
751
523
396
393
647
534
664
236
615
668
96
727
566
24
974
32
603
730
475
656
530
303
428
219
319
972
49
674
716
11
758
848
716
210
103
658
812
576
138
984
389
981
467
784
164
712
757
224
614
776
182
730
80
676
985
546
704
760
223
576
162
519
811
599
678
313
215
217
581
856
381
529
651
870
417
163
80
999
147
319
569
41
919
713
253
255
482
48
930
51
925
385
395
104
426
909
590
741
955
48
396
759
984
766
503
898
694
598
408
648
604
67
699
29
694
495
420
640
260
525
565
556
273
400
108
667
721
847
766
406
907
567
365
173
766
998
174
648
620
256
789
248
674
196
773
168
951
580
32
630
55
521
203
836
500
806
426
271
171
468
212
990
96
887
162
899
41
265
125
317
387
727
608
496
560
591
131
111
495
79
924
29
332
116
514
488
742
998
372
678
132
128
640
137
664
86
613
738
779
808
734
41
444
453
145
113
820
466
484
86
951
622
549
615
217
977
84
566
453
339
669
428
626
938
205
989
380
905
123
60
751
368
633
121
539
342
942
911
413
488
309
434
74
34
938
339
460
460
713
269
697
918
488
588
270
693
842
81
140
92
976
172
336
866
919
359
653
890
469
974
131
359
953
391
107
9
20
140
285
167
173
998
407
424
518
23
848
974
628
66
930
955
702
780
974
658
731
811
586
23
447
366
110
717
322
861
392
186
6
802
946
127
738
982
868
326
418
954
416
891
259
52
616
530
457
132
784
976
722
887
482
385
673
408
577
476
457
812
200
797
868
63
240
566
334
66
726
798
876
478
5
435
933
508
479
764
415
18
252
485
207
889
183
970
521
32
365
930
418
581
503
60
22
592
280
122
120
923
446
797
169
88
827
467
211
343
466
197
184
805
591
87
414
993
69
737
241
148
643
948
208
261
60
321
262
944
754
799
322
473
755
777
40
249
676
802
788
277
643
957
584
269
394
400
438
729
953
902
903
42
480
735
385
785
210
795
550
716
629
297
402
694
38
405
805
772
310
603
904
327
131
3
916
648
479
101
735
849
616
313
878
326
197
426
917
67
14
230
346
735
62
692
197
396
156
885
31
474
15
904
941
451
778
264
518
348
353
980
224
768
125
28
737
573
771
597
240
689
437
147
845
103
814
418
47
268
87
738
332
79
56
333
546
320
20
29
947
527
952
194
626
160
389
893
941
64
34
796
645
911
746
766
454
711
191
885
877
728
87
889
72
742
935
415
575
783
528
626
420
298
532
150
832
428
61
70
680
386
558
625
948
75
261
401
218
554
162
457
583
428
271
564
213
465
108
74
889
265
266
940
930
59
877
305
489
448
166
81
8
819
446
965
882
551
161
2
125
407
266
831
192
575
137
979
704
116
437
964
1
723
343
396
318
110
149
665
26
144
471
489
447
107
172
567
838
719
45
77
44
169
400
849
919
158
335
555
156
206
900
975
980
540
209
77
604
135
726
433
98
701
29
791
638
85
204
633
87
65
284
131
127
96
643
82
436
538
634
932
565
181
857
253
326
456
707
121
674
816
477
605
116
312
806
46
122
549
461
287
196
839
719
570
928
889
790
936
296
422
73
597
976
67
59
614
502
637
318
263
955
290
307
493
887
192
51
657
793
584
707
30
648
999
823
308
289
137
395
686
492
964
190
684
171
461
229
19
170
780
214
219
888
752
286
982
183
211
398
885
544
284
164
253
149
301
744
710
348
418
874
441
838
816
551
786
240
649
933
741
215
831
552
674
37
640
340
463
105
3
811
784
321
444
560
496
662
245

